-0.017612	14.053064	0
-1.395634	4.662541	1
-0.752157	6.538620	0
-1.322371	7.152853	0
0.423363	11.054677	0
0.406704	7.067335	1
0.667394	12.741452	0
-2.460150	6.866805	1
0.569411	9.548755	0
-0.026632	10.427743	0
0.850433	6.920334	1
1.347183	13.175500	0
1.176813	3.167020	1
-1.781871	9.097953	0
-0.566606	5.749003	1
0.931635	1.589505	1
-0.024205	6.151823	1
-0.036453	2.690988	1
-0.196949	0.444165	1
1.014459	5.754399	1
1.985298	3.230619	1
-1.693453	-0.557540	1
-0.576525	11.778922	0
-0.346811	-1.678730	1
-2.124484	2.672471	1
1.217916	9.597015	0
-0.733928	9.098687	0
-3.642001	-1.618087	1
0.315985	3.523953	1
1.416614	9.619232	0
-0.386323	3.989286	1
0.556921	8.294984	1
1.224863	11.587360	0
-1.347803	-2.406051	1
1.196604	4.951851	1
0.275221	9.543647	0
0.470575	9.332488	0
-1.889567	9.542662	0
-1.527893	12.150579	0
-1.185247	11.309318	0
-0.445678	3.297303	1
1.042222	6.105155	1
-0.618787	10.320986	0
1.152083	0.548467	1
0.828534	2.676045	1
-1.237728	10.549033	0
-0.683565	-2.166125	1
0.229456	5.921938	1
-0.959885	11.555336	0
0.492911	10.993324	0
0.184992	8.721488	0
-0.355715	10.325976	0
-0.397822	8.058397	0
0.824839	13.730343	0
1.507278	5.027866	1
0.099671	6.835839	1
-0.344008	10.717485	0
1.785928	7.718645	1
-0.918801	11.560217	0
-0.364009	4.747300	1
-0.841722	4.119083	1
0.490426	1.960539	1
-0.007194	9.075792	0
0.356107	12.447863	0
0.342578	12.281162	0
-0.810823	-1.466018	1
2.530777	6.476801	1
1.296683	11.607559	0
0.475487	12.040035	0
-0.783277	11.009725	0
0.074798	11.023650	0
-1.337472	0.468339	1
-0.102781	13.763651	0
-0.147324	2.874846	1
0.518389	9.887035	0
1.015399	7.571882	0
-1.658086	-0.027255	1
1.319944	2.171228	1
2.056216	5.019981	1
-0.851633	4.375691	1
-1.510047	6.061992	0
-1.076637	-3.181888	1
1.821096	10.283990	0
3.010150	8.401766	1
-1.099458	1.688274	1
-0.834872	-1.733869	1
-0.846637	3.849075	1
1.400102	12.628781	0
1.752842	5.468166	1
0.078557	0.059736	1
0.089392	-0.715300	1
1.825662	12.693808	0
0.197445	9.744638	0
0.126117	0.922311	1
-0.679797	1.220530	1
0.677983	2.556666	1
0.761349	10.693862	0
-2.168791	0.143632	1
1.388610	9.341997	0
0.317029	14.739025	0
-2.65887965178 0.658328066452 0
-2.30615885683 11.5036718065 0
-2.83005963556 7.30810428189 0
-2.30319006285 3.18958964564 0
-2.31349250532 4.41749905123 0
-2.71157223048 0.21599278192 0
-2.99935111344 14.5766538514 0
-2.50329272687 12.7274016382 0
-2.14191210185 9.75999136268 0
-2.21409612618 9.25234159289 0
-2.0503599261 1.87312594247 0
-2.99747377006 2.82404034943 0
-2.39019233623 1.88778487771 0
-2.00981101171 13.0015287952 0
-2.06105014551 7.26924117028 0
-2.94028883652 10.8418044558 0
-2.56811396636 1.31240093493 0
-2.89942462914 7.47932555859 0
-2.83349151782 0.292728283929 0
-2.16467022383 4.62184237142 0
2.02604290795 6.68200376515 0
2.3755881562 9.3838379637 0
2.48299208843 9.75753701005 0
2.65108044441 9.39059526201 0
2.49422603944 11.856131521 0
2.47215954581 4.83431641068 0
2.26731525725 5.64891602081 0
2.33628075296 10.4603294628 0
2.4548064459 9.90879879651 0
2.13147505967 8.99561368732 0
2.86925733903 4.26531919929 0
2.05715970133 4.97240425903 0
2.14839753847 8.91032469409 0
2.17630437606 5.76122354509 0
2.86205491781 11.630342945 0